Vector for 'king': [ 0.50451   0.68607  -0.59517  -0.022801  0.60046  -0.13498  -0.08813
  0.47377  -0.61798  -0.31012  -0.076666  1.493    -0.034189 -0.98173
  0.68229   0.81722  -0.51874  -0.31503  -0.55809   0.66421   0.1961
 -0.13495  -0.11476  -0.30344   0.41177  -2.223    -1.0756   -1.0783
 -0.34354   0.33505   1.9927   -0.04234  -0.64319   0.71125   0.49159
  0.16754   0.34344  -0.25663  -0.8523    0.1661    0.40102   1.1685
 -1.0137   -0.21585  -0.15155   0.78321  -0.91241  -1.6106   -0.64426
 -0.51042 ]
Similarity between 'king' and 'queen': 0.78390425
Top 5 words similar to 'king': [('prince', 0.8236179351806641), ('queen', 0.7839043140411377), ('ii', 0.7746230363845825), ('emperor', 0.7736247777938843), ('son', 0.766719400882721)]
Document vector shape: (50,)
Document vector (first 10 values): [ 0.04564168  0.36530998 -0.55974334  0.04014383  0.09655549  0.15623933
 -0.33622834 -0.12495166 -0.01031508 -0.5006717 ]